// Converted by Obj2DatTexNorm.py Wavefront OBJ file conversion script
// (c) 2005-2012 By Giles Williams and Jens Ayton
// 
// original file: "rings.obj"
// 
// model size: 2.000 x 2.000 x 0.002
// 
// materials used: ['rings.png']
// 
NVERTS 7
NFACES 10

VERTEX
-1 0 0
0 0 0.00001
0 -1 0
0 0 -0.00001
-0.836 0.164 0
1 0 0
0 1 0

FACES
0 0 0	0 0 0	3	0 1 2
0 0 0	0 0 0	3	0 3 4
0 0 0	0 0 0	3	5 1 6
0 0 0	0 0 0	3	5 3 2
0 0 0	0 0 0	3	6 3 5
0 0 0	0 0 0	3	6 4 3
0 0 0	0 0 0	3	2 1 5
0 0 0	0 0 0	3	2 3 0
0 0 0	0 0 0	3	1 4 6
0 0 0	0 0 0	3	4 1 0

TEXTURES
0	1.0 1.0	1 0.5	0.5 0.5	0.5 0
0	1.0 1.0	1 0.5	0.5 0.5	0.918 0.582
0	1.0 1.0	0 0.5	0.5 0.5	0.5 1
0	1.0 1.0	0 0.5	0.5 0.5	0.5 0
0	1.0 1.0	0.5 1	0.5 0.5	0 0.5
0	1.0 1.0	0.5 1	0.918 0.582	0.5 0.5
0	1.0 1.0	0.5 0	0.5 0.5	0 0.5
0	1.0 1.0	0.5 0	0.5 0.5	1 0.5
0	1.0 1.0	0.5 0.5	0.918 0.582	0.5 1
0	1.0 1.0	0.918 0.582	0.5 0.5	1 0.5

NAMES 1
systemfeatures-rings.png

NORMALS
-1 0 0
-0.0002 0.0002 1
0 -1 0
-0.0002 0.0002 -1
-0.70711 0.70711 0
1 0 0
0 1 0

END
